7.32654999988
8.41202999977
8.4140300001
7.22002000036
8.61835000012
7.19700000016
7.54850000003
8.63007999957
8.4029000001
8.61516000004
8.40229999973
8.61701000016
8.63113000011
7.33769000042
8.3985100002
8.6182599999
8.61975000007
7.53327000001
8.62898000004
7.96223000018
8.40314000007
7.97447000025
7.33707999997
8.62043999974
8.36355000036
8.39440000011
7.30477999989
7.95929999975
8.1762000001
8.39152000006
7.74159999983
7.95206000004
8.17052000016
8.39286000002
7.73570000008
7.3311999999
8.60901999986
8.8319600001
8.61141999997
8.60705999983
8.38522000005
8.63193000015
8.61690999987
8.41073000012
8.41851999983
8.84120000014
8.63632999966
7.98684999999
7.32150999969
8.40519000031
8.41441999981
8.61655000038
7.96837999998
7.32465999993
7.95930000022
7.95241000038
8.61180999968
7.9576499993
8.17076000012
7.52183999959
8.60407999996
7.95411000028
8.60457000043
7.51970000006
8.60422999971
7.95230999961
8.17001999915
7.51930000074
8.60273000039
7.96100000013
8.40275000036
8.19013999961
7.9801199995
7.55394000001
8.66927000042
7.97361999936
8.20092000067
7.14279999956
7.54035999998
8.62280000001
7.97182999924
8.20854999963
7.79989999998
8.39580000006
8.62684000004
8.18313000072
8.77179999929
7.98169999942
8.63766000047
7.97411999945
7.53770999983
8.01780999918
8.39685999975
8.61765999999
8.62064000033
8.40778999962
8.43243999965
8.39710000064
7.96369000059
8.61651000008
7.52832999919
8.17714000028
8.63092000037
7.30463999975
7.9522599997
7.30263999943
7.30394000001
8.39036999922
8.61241000053
8.16992000025
7.52489
8.60447999928
7.08574000001
8.17140999995
8.38705999963
8.60527999979
7.09446999989
8.1742600007
8.23321000021
8.62767999992
7.9958899999
7.32849999983
7.80463999975
8.63765999954
7.32925000042
8.41241999995
7.98041000031
7.97577000037
8.19915999938
7.53966999985
8.65059999935
7.97412000038
8.19452999998
7.56897000037
7.01829000004
7.12962000072
8.62043999974
7.96219999995
8.1865299996
7.5364699997
7.99239000026
8.19017999992
7.55224000011
7.96904000081
7.32340999972
8.62602999993
7.97571999952
8.41837000009
8.62303999998
8.20320999995
8.19505999982
7.80255000014
7.98835000023
8.19177999999
8.6239300007
7.97043000069
7.32091000024
8.41656999942
8.62708999962
8.01979999989
8.01211000048
8.62030000053
7.99879000057
8.19376999978
8.40947999991
8.19957000017
8.62009999994
8.40398999956
7.96893000044
8.40104000084
8.62753000017
7.97262999974
7.53486999962
8.41432999913
8.63033000007
8.18712999951
8.62335999962
7.11610000022
7.17276000045
7.54236999992
8.62519999966
8.00509000011
8.38805000018
8.6048100004
7.95369999949
7.95280000009
7.95311000012
7.73790000007
8.38721999992
8.60132999998
7.08777999971
8.16872000042
8.39425999951
8.60221999977
7.08684
8.17050999962
8.3858199995
8.61100999918
7.95446000062
7.30494000018
8.38647000026
8.60407000035
7.95930000022
7.30942999944
8.60391999967
7.08598000091
8.17540000007
8.60392999928
8.42870000005
8.61849999987
8.62000000011
8.40957999974
7.12088000029
8.83746000007
7.32071000012
7.32780000009
8.62000000011
7.32201000024
8.40843999991
8.62248999998
7.54790000012
8.62254999997
8.41541999998
7.56652999995
8.20475999964
8.40778000001
8.62954000011
7.54744999995
7.10960000008
9.76658000005
7.54527000012
8.40274999989
8.60247999988
7.30519000022
8.39181000041
8.60213000001
7.95365000004
7.30339000002
8.38632000005
8.59967999998
7.9584499998
7.3104299996
8.38662
8.60262000002
7.95201000012
8.16372999968
7.95311000012
7.52053999994
7.51885000011
8.38581999997
7.08739
8.39262000006
8.68565000035
7.55268999981
8.62583999988
8.66162999999
7.32152000023
8.61789999995
7.55383999972
8.65535000013
7.10107000032
8.40577999968
7.09097000025
7.09935999941
8.39685000014
8.60910999961
7.9924999997
7.31013000011
8.4266499998
8.63557000086
7.95734999981
8.68363999948
7.09637000039
8.61471000034
8.17090999987
8.16991000064
7.5552400006
7.9530600002
8.61070999969
7.95514999982
7.30380000081
8.38697000034
8.61376000009
7.95346000046
7.5291399993
8.60378000047
7.95409999974
8.17324999999
7.52144000027
8.60558000021
7.95301000029
8.63666999992
7.35575999971
7.40128999949
7.11799000017
8.40744000021
7.12072999962
8.42061999999
8.66932000034
7.97361999936
7.33438999951
8.43553999998
8.18828999996
7.54306000005
8.63532000035
8.19561999943
7.16576999985
7.32985000033
7.97268000059
8.19152999949
7.97301999945
8.18509000074
7.55623999983
7.3929399997
8.18887999933
7.9820600003
8.63741999958
7.53730999958
8.65280000027
8.66488000005
7.10465000011
7.52218999993
8.60675999988
7.95650000032
8.17419999931
7.5255799992
8.62668999936
8.61110999994
8.61086999997
7.30453999992
8.38633000012
8.61106000002
8.60257999972
7.30243999977
8.42086999957
8.60976000037
8.60257999972
8.17430000007
7.08724000026
8.38672999945
8.60437999945
7.31022999994
8.38587999996
7.08693000022
8.17002000008
7.95985000022
7.30418999959
8.38721999992
8.60276999976
7.95296000037
7.30394000001
7.95290999953
7.55314000044
8.63836999983
7.97946000006
8.19478000049
8.62747999933
7.12941000052
8.19501999952
8.64100999944
7.09853000008
8.61817000061
7.97489000019
8.19240000006
7.52795000002
8.62086000014
7.96945000067
8.61070000008
7.31257000007
8.40966999996
8.62214000057
8.18803000078
7.53640999924
8.61730000004
7.96243999992
8.17869000044
7.96038999967
8.17468999978
7.53002000041
8.61789000034
7.95444000047
8.18217999954
9.04012999963
7.08674000017
8.16911000013
8.3860600004
8.6019799998
7.09258000087
8.17629000079
8.39260999952
8.61141000036
7.0860799998
7.54795999918
8.66812000051
7.96678999998
7.96014999971
7.96119000018
7.30708000064
8.40153999999
7.96010000072
7.32257999945
8.39226000011
7.52807
8.61404999997
7.96434000041
8.18019999936
7.54315999988
8.17884999979
8.3964999998
8.63387000002
7.09308000002
8.18234999944
8.39855000004
7.31517000031
8.18054000009
7.33415000001
7.56302999984
8.62253999989
7.97002999997
8.18903000001
7.53576999996
8.61869999999
7.98300000001
7.55108999973
8.64425999997
8.83889999986
7.30886999983
7.96742999973
8.39954000013
8.18084000004
8.18049000017
8.16981000034
7.52688999986
8.1878800001
8.39861000003
8.63028000016
7.10001999978
8.17929999996
8.61989999982
8.19378000032
8.40788999991
8.63627000013
7.98690999998
8.62563999975
8.40469000023
8.62484000018
7.31621999992
7.33000000007
7.96977999993
8.18424000032
7.54180999985
8.61954999994
7.32374999998
8.40180000011
7.96943000006
7.3157200003
7.57256000023
7.96770000039
8.82517000008
8.19841000065
7.52429000009
8.60393000022
8.81933999993
7.95236000046
8.38592000026
8.82058000006
7.52258999925
8.39726
7.0916799996
7.33020000067
8.40214999951
8.40668000001
8.6227900004
7.10539999977
8.2084499998
7.97377000004
8.62454999983
8.61505000014
7.11314000003
8.19311999995
8.40668999963
8.64201999921
7.9614599999
7.31596999988
8.18478999939
7.52937999927
8.61540000048
7.9654000001
8.1824900005
7.52682999987
8.64235999994
8.39723999985
8.61525000073
7.32120999973
8.43613000028
7.11369000003
8.61798999924
7.9595900001
8.1727
7.52598000038
8.60890999995
7.9643899994
8.22178000025
7.95649999939
8.17445999943
7.5269299997
8.60780999996
7.95454999991
8.60477000009
7.96432999987
7.30563000031
8.3945000004
8.18023999967
7.9657399999
8.1704599997
7.51940000057
8.60437000077
7.95295999944
8.16997000016
7.52015000023
8.60307000019
7.95291000046
7.0864900006
8.17040999979
8.41955999937
8.60886000004
7.96059000026
8.62629000004
8.40419000015
8.62315000035
8.18424000032
8.6414199993
7.13196999952
8.62938999943
8.19806000032
7.54284999985
8.63257999998
7.98945000023
7.54071000032
7.9826100003
7.32406000048
8.42865000013
8.62538999971
8.63242000062
7.32958999928
8.40769000072
8.62858000025
7.99144999962
8.19217999931
7.53777000029
8.62598000001
8.40692999959
8.6375099998
8.63358000014
8.40365000069
8.62462999951
7.96577999927
7.31357000023
9.03772999998
7.08882999979
8.60301999934
8.38706000056
8.60870999936
7.08654000051
8.17001000047
8.38781999983
8.60178000014
7.08648999967
8.60472000018
7.08538999967
8.16895999946
8.38736999966
7.09262999985
8.17191000003
8.3863699995
7.33698999975
7.95261000004
8.38537000027
7.95275999978
7.30328999925
7.95395
9.03804000001
7.0928199999
8.17741
8.39325999934
8.63078000024
7.08638999984
8.17006000038
8.39441000018
8.60233000014
7.08682999946
8.6083700005
8.60457000043
8.60412000027
8.17065999936
7.9547500005
9.04442999978
7.08998000063
8.17661000043
8.38717
8.60447999928
7.08652999997
8.17026999965
8.39216000028
8.60337999929
7.08733000048
8.61925000045
8.42726000026
8.6169499997
8.41532000015
7.98035999993
8.41741999984
8.64411000023
7.10315999994
8.61705
7.9691300001
8.19198000012
7.53941999981
8.62354000006
8.23620000016
9.01656999998
8.62009000033
7.7448499999
8.40456999978
8.41789000016
8.61762999976
8.39586999966
7.96649000002
8.62892999966
7.09587000031
8.40298999986
7.10795000009
8.20365000004
8.62049000012
8.38666999992
8.60497999983
7.0996600003
8.18174999999
8.38531999988
8.60217999993
7.76825999981
7.95581000019
8.17102000024
8.38627000013
8.6020800001
7.09372999985
8.17660999997
8.38721999992
8.42241000012
7.73601000011
8.38707999978
8.60947000002
7.0861399998
8.16871999996
8.39465999976
8.60258000018
7.08539000014
8.17621000018
8.38776999991
8.62559999991
8.62563999975
8.18483999977
7.99309
8.20531000011
7.53845999995
8.6322300001
7.97226999979
8.19138000021
7.55235000001
8.62329000002
7.96793999989
7.32941000024
8.40289000003
8.62833999982
7.32391000027
8.41188000003
8.61929000029
7.96938000014
7.32280999981
8.40724000009
8.62574000005
7.98032000009
7.10724999988
8.19383000024
7.10111999977
8.39485999988
8.39696000004
8.62823999999
7.31338000018
8.18528999994
8.17151999986
8.39535999997
8.61546
7.14405000024
8.18489000015
7.74607999995
7.9661899996
8.82770999987
7.33074000012
8.39176000003
7.9601400001
7.31073000003
8.39205999998
7.96218999987
7.52988000028
7.52684000041
7.95665000007
7.3149199998
8.38791999966
8.60342000052
7.95351000037
7.30409000069
8.3863699995
8.1749499999
8.62043999974
7.53581999987
8.61710999999
7.98660000041
8.18758999929
7.53932000045
8.64555999916
7.96389000025
8.19113000017
7.76046000049
8.41268000007
7.54365999997
8.40763999987
8.63312999997
8.61914000008
7.32529999968
8.61973999999
8.62543999963
7.32180999964
8.04096999951
8.19218000025
8.40318999998
8.62612999976
7.74005000014
8.6118599996
7.1178399995
8.3858199995
8.17714999989
8.38611999992
8.75663000066
8.40742999967
8.20250999928
8.40354000032
8.45050999988
8.20320999995
7.96500999946
8.61822000053
7.10842000041
8.19244999997
8.3944299994
8.62091999967
7.10318000056
8.00329999998
9.05508000031
7.11385999992
8.18756000046
8.40091999993
8.61522999965
7.09828999918
8.19240000006
8.41404999979
8.64322999958
7.11305999942
8.60446000006
7.95215999987
7.30213000067
8.39230000041
8.6025700001
7.95235999953
7.31077999994
8.38690999988
8.60292000044
7.95395
7.42293999996
7.09547999967
8.38576999959
7.52570000011
8.6171500003
7.95729999989
8.63372999988
7.10340999998
8.19827000005
8.40219999989
8.62075000023
7.13934999984
7.75511999987
8.61755000008
8.42955
8.62253999989
7.10351000028
8.18898000009
8.40230000019
8.61869999999
7.11647999985
7.00720999995
8.19467000011
7.10889999988
7.5108500002
8.18049000017
8.16876999987
8.17170999991
8.39180999994
8.60217999993
7.08709000004
8.16991999978
8.38632000005
8.59963000007
7.7611700003
8.40658999979
8.64185999986
8.20281000016
8.40315000014
8.62863000017
7.31886
8.40378999989
8.62638000026
7.97551999986
7.31686999975
8.40269999998
8.63391999993
8.77021000022
8.18849000009
9.32891999977
8.61670000013
8.63806999987
7.31966000004
8.62155000027
7.33877999987
8.39969999995
8.6264899997
7.1102
8.39919999987
8.62814000016
8.18014999991
8.17544999998
8.6124499999
8.38996000029
7.30428999942
8.38755999971
8.60527000017
7.52193000074
8.60451999959
7.96109000035
8.1690100003
7.52118999977
8.61051000003
8.61161000002
8.17095999978
7.52089999989
8.62863000017
7.30479000043
8.40079999994
8.61235999968
7.95395999961
7.30429000035
8.40648999996
8.60317999963
7.96229999978
7.30998000037
8.39341000002
8.61085999943
7.9547500005
7.3004999999
8.38747000042
8.60467000026
7.96084999945
8.60482000001
7.08684
8.16925999988
8.38668000046
8.62158999965
7.08624000009
7.30224999972
8.39360999968
8.60263000056
8.38672000077
7.08624000009
8.16997999977
7.09747000039
8.17115999945
7.98216000013
7.32046000008
8.40364000015
8.6234399993
8.63077999931
7.97597000003
7.96809000056
7.5606700005
8.40911999997
8.62976999953
7.33508000057
8.40672999993
8.62748000026
7.11319999956
8.19142000005
8.18943000026
8.20729999989
7.04834999982
7.5460099997
8.40648000035
7.12043000013
8.40424000006
7.10446000006
8.18802999984
8.16885999963
8.38532000035
9.04686999973
7.09916000068
8.1704599997
8.38576999959
8.60442000069
7.08653999958
8.16990999971
8.38677000068
8.60308000073
7.08634000085
7.30688999966
8.39205999952
8.60965999961
7.95965000056
7.31738000084
8.38812000025
8.61180999968
7.11335000023
7.10386000015
8.40364000015
7.97246999945
7.54560999945
8.62569000013
8.62383999955
7.9691300001
8.62989000045
7.1084100008
8.19931999967
7.12378000002
8.19412000012
8.42545999959
8.23870000057
8.40483999997
8.61899999995
7.10804999992
8.18873000052
8.40438999981
8.16301999986
7.01714000013
8.20314999949
8.41136999987
8.6248300001
7.10929999966
8.40962999966
8.61184999999
7.96308999974
8.61485000048
7.09286999982
7.7504200004
7.52448999975
7.33293999918
8.39415999968
8.60880999919
7.08800000045
8.17604999989
8.39311000053
7.12162999995
7.31174000027
8.40466
8.41797999991
8.61707000015
8.39601999987
7.96231999993
8.61372999987
7.53499000007
7.31411000015
8.39375999989
8.17784999963
8.61389999976
8.61819999991
7.95624999981
7.30853000004
8.38965999987
7.95709999977
8.6025299998
7.3027900001
8.39221999981
8.60247000027
8.38672999991
8.60496999975
7.96619000006
7.31522000022
8.38562999992
8.60217000032
7.73930000002
8.39575000014
8.60557000013
7.08547999989
8.18114
8.38772
8.21979
9.06489000004
7.10525000002
8.18579000002
8.40657999972
8.63652000017
7.10521000018
8.19068
8.41076999996
8.61939999973
7.11913000001
8.41706999997
7.97442000033
7.32475999976
8.41087999986
7.11928000022
8.63058000011
7.97617000015
7.53761
8.62119999994
7.9675400001
8.61525000026
7.55384999979
7.30298999976
8.38621999975
8.60517000034
7.96019999962
7.30319000036
8.61205999926
7.08872999996
8.17030999996
8.3869199995
8.61377000064
7.08698000014
8.60348000005
7.95355999935
7.30154999997
8.60262000002
8.60433000047
8.17275999952
7.51915000007
8.60341999959
9.03619000036
8.16952
8.60192000028
7.08684
8.16947000008
8.38602000009
8.60192999989
7.09378000069
8.60162999947
8.13168000057
8.17635000031
7.51884999964
7.13590999972
7.3557099998
7.00347000081
7.40123999957
8.61636000033
7.96168999933
7.31003000028
8.39559999947
8.61396999937
7.96114000026
7.34356999956
8.4045900004
8.61789999995
7.5621199999
8.61970000062
8.62698999979
7.32190999947
8.40938000008
8.63527000044
7.3291600002
7.11445000023
8.19182999991
8.66339000035
8.41353000049
8.19312999956
8.40708999988
8.62549000047
8.63573000021
8.66172999982
7.11464000028
7.97398000024
8.19082999974
7.54420000035
8.63143000007
7.98680000007
8.62474999949
7.11828000005
8.63692000043
9.05519999936
8.09207999986
8.60238000005
7.95356000029
8.16947000008
8.39295999985
8.60253000073
7.08467999939
8.17200999986
8.38577000052
8.60367999971
7.33318999968
8.60403000005
7.99279000051
8.62594000064
7.10969999991
8.18799000047
8.42669999972
8.63009000011
7.32754999958
7.99378999975
8.41825999971
8.62971999962
7.12173000071
7.10250000004
8.18977999967
8.62599000055
7.10929000005
8.41832000017
8.62303999998
8.18618000019
8.60910999961
7.9534
8.60332999937
7.95231000055
8.38697000034
7.95811000001
7.30439000018
8.60063000023
8.39395000041
7.75162000023
7.99454999994
8.17723000003
7.08864999982
7.75100000016
7.51090000011
8.16950999992
8.39724000031
8.60272999993
7.08608999988
8.61041999981
7.95636000019
7.30614
7.09751999984
8.17975000013
8.39161999989
8.60597000038
7.09097000025
8.61824999982
7.7609600001
8.18614000035
8.41291999957
7.78073999984
8.00717999972
8.19332000008
8.41321999999
8.7569799996
8.18438000046
7.54979999969
7.97368000029
8.19596999977
8.40274000028
8.62828999991
8.19042999996
8.40733999992
8.40837999992
7.10386000015
8.18339000037
7.96564000007
7.75027000019
8.18184000021
8.39969000034
8.40763999987
8.38846000005
8.60398000013
8.17659999989
8.6033300003
8.38556999993
7.08654000051
8.1723600002
7.36593999993
7.20359000005
7.37812000047
7.16275999974
7.35905000009
7.17444999982
8.18964000046
8.40398999956
8.19651999976
8.40218999982
7.53292999975
8.18872999959
8.41188000049
8.63253000006
7.10745000001
8.18807999976
8.41516999993
8.62160000019
7.10535999946
8.24115000013
7.75671999995
8.20122000016
8.42320999969
8.18763000052
8.4071800001
8.40534000006
7.98465
7.7703999998
8.39670000039
7.11928000022
8.18248999957
8.4101900002
7.97937999945
8.19991999958
7.75437999982
7.98153000046
7.31601999979
8.19173999969
8.40170000028
8.62409999967
7.74569000024
8.19153000042
8.63054000027
8.65510000009
7.31851999927
8.18050000072
7.95340999961
7.7421900006
8.38736999966
7.73653000034
7.95285999961
8.6090599997
7.08729000017
8.16892000008
7.08694000077
8.3868200006
8.60341999959
8.49739999976
8.60930999927
7.0859400006
8.18844000064
8.38616000023
8.60222999938
7.08777999971
8.16916999966
8.60483000055
7.74099999946
8.17326000053
8.38802000042
8.60321999993
7.74664000049
8.17001000047
8.2103500003
7.74234999996
8.17440999951
8.38346999977
7.95369999949
8.38665999938
8.60428000055
8.1766099995
8.38577000052
7.73725000024
7.73521000054
8.17136000004
8.38801999949
8.3865799997
7.73849999998
7.73421000037
8.60462999996
7.52838000003
8.60428000055
7.95290999953
8.16940999962
8.61884999927
8.16861999966
8.39070999995
8.17795000039
8.19417000003
7.53287000023
8.61385000031
7.95894999988
8.17376000062
8.61664999928
7.95795000065
7.10500000045
8.17874999996
8.40378999989
7.54346000031
7.14090999961
8.19203999918
8.42692000046
8.00349000003
8.20342000015
8.62205999997
7.13391000032
7.10771000013
7.98091000039
8.40648000035
8.6439100001
7.75806999952
8.19627000019
8.40698000044
8.6769499993
7.76355000027
8.42016999982
7.75995999947
8.19635999948
8.19123
7.75766999926
7.76090999972
7.99598999973
8.19501999952
7.97786999959
8.40488999989
7.53911000025
7.10436000023
8.62399000023
7.55639000051
7.96523000021
8.17744999938
7.75372000039
7.99882999994
8.19362000003
8.40933000017
8.19965999946
8.61651999969
7.95753999986
9.04521999974
7.09657000005
7.7482699994
7.95944000036
9.03778000083
7.08562999964
8.16931000073
8.39229999948
8.6025700001
7.08612999972
8.17724999972
8.3869599998
8.60296000075
7.08742999937
7.95320000034
9.03953000065
7.09317999985
8.17815000005
8.38677000068
8.60845999978
7.73719000071
8.16921000089
8.3920099996
8.60386999976
7.08753000014
8.61102000065
7.08792999946
8.17145999987
8.38638000004
8.60407999996
7.09283000045
8.17610000074
7.08627999946
8.61560000014
7.9521200005
8.16997000016
8.60261999909
7.95255999919
8.16972000059
7.51979000028
8.39221999981
8.40966999996
8.17870000005
7.52993000019
8.63397000078
7.95959999971
8.18234999944
7.53207999934
8.61684999987
8.18180000037
8.18054000009
8.20969999954
8.64147000015
7.1225800002
8.6241000006
8.21295000054
7.98241000017
8.19262999995
7.97322999965
7.97927000001
7.76894999994
7.9785699998
7.31798000028
7.98277000012
7.31921999995
8.62974999985
8.41932999995
7.52894999972
8.61378000025
8.40146999992
7.96666999999
7.30743000004
8.39350000024
8.60675999988
7.95644999994
7.30737999966
8.40613000002
8.60731000034
7.95605000015
7.09389000013
8.18174999999
8.39067000011
8.60442999983
7.09422000032
8.17481000023
8.3984000003
7.07151000015
8.63183999993
7.7502799998
7.7497899998
8.41043999977
8.43440000014
8.40133999987
8.61959999986
7.98182000034
7.31687000021
8.20454999991
7.97476999974
8.21927999984
7.53766999999
8.6204400002
7.98794999998
7.75492000021
8.40023999987
8.74635000015
7.10340999998
8.19286999991
8.41252999986
8.62160000019
7.09641999984
8.18712999998
8.40757999988
8.18803999992
7.32201000024
8.40103999991
8.62069000024
7.32750000013
8.40633999975
8.61895000003
7.98640000029
7.32095999969
8.83895000024
7.36369000003
8.42216000007
8.62877999991
7.97291999962
7.32030999986
8.41327999998
8.62280000001
7.96982999984
7.3222099999
8.39960000012
8.61361000035
7.10550000006
8.18114999961
8.41217999998
8.65145000024
7.10045999987
8.41087999986
8.61615999974
7.53472000035
8.61924999999
8.41158000007
8.62015000032
7.53217000002
8.6176
7.96433999995
8.1858400004
7.96193999983
7.52337999921
8.60667000059
7.95760000031
8.18324000016
8.62997999974
7.95251000021
8.60217999946
8.60217999946
7.35361000057
9.04277999979
8.39551000018
8.60382999945
7.95411000028
7.30669
8.38796999957
8.60541999992
7.95301000029
7.53586999979
8.65189000033
7.96988000069
7.32291000057
8.41171999928
8.61526000034
7.96808999963
7.32215999998
8.40688999929
8.62404000014
7.6118999999
7.96883000061
7.7580199996
8.45894999988
8.25952999946
7.9848600002
8.63855999988
7.98141000047
7.3279899992
8.65013999958
7.97331999987
7.32555000018
8.42454999965
9.06868000049
9.04970999993
8.77170000039
7.11553999968
7.76201999933
7.98101000022
8.21329000033
7.54330000002
7.9956399994
8.20825000014
7.55329000019
8.64286000002
8.44986000005
8.1746100001
8.18054000009
8.18413999956
8.62558999937
7.04803999979
8.41044000071
8.19237999991
7.38200999983
8.40967999958
7.9841
8.63123000041
7.13121000025
7.98900000006
8.20091000013
8.63632000051
7.98243999947
8.20076000039
7.55219000019
8.65529000014
8.20299999975
8.62344000023
7.09946000017
8.18938000035
8.40433999989
8.62433999963
7.10464999918
8.21019000001
8.62033999991
7.99878000002
7.32714999933
8.40928000025
7.33313999977
8.63767000008
7.76695000008
8.40353999939
7.9575500004
9.05181000009
8.40926999971
8.63497000001
8.18064999953
7.52512999997
8.61859000009
8.39748999942
8.61615000013
7.52589000016
8.53622000013
9.15076000057
8.61409999989
7.09965999983
8.17619999964
8.42046000063
8.62034999952
7.58843000047
7.95410999935
8.16871999949
7.95791000035
7.30767999962
8.39006999973
8.60932000075
7.96394000016
7.30907000042
7.09477999993
8.17370999977
8.40143999923
8.60826000012
7.09352000058
8.18898000009
8.39220999926
7.99330000021
7.09322000016
8.62129000016
7.97467999998
7.31681999983
8.40369000006
8.62374000018
7.34767000005
9.06359999999
7.11892999988
8.18699000031
8.39870000025
8.6226499998
7.11667999998
8.18718999997
8.40158999991
8.62094000028
7.10006999969
8.61959999986
8.61645000009
7.97347000008
7.53602
8.62669999991
7.96433999995
8.18115000008
7.53548000008
7.31722000008
8.39720000001
8.61714000022
7.51934999973
7.82774999971
8.63746999996
7.08929000003
7.95985000022
7.01615000004
7.9608
8.17440999998
7.53732000012
8.60911999969
7.95380999986
8.21199999982
7.52624000004
8.62553999992
9.05150999967
7.12657000031
8.20531000011
8.40509000001
8.63228000002
7.10559999989
8.19143000012
8.41886000009
8.62339999992
7.1013600002
7.97881000023
8.18443999998
8.19138000021
8.41137999995
7.97626999998
7.33173999982
8.63867000025
8.18858999992
7.54356000014
7.09547000006
7.52529000025
7.33194999956
8.39085999969
8.38991000038
8.60661999974
7.09117999952
8.18338000029
8.50163000077
8.60297999997
7.00942000002
7.55692999996
7.30590000004
7.30364000052
8.60303000081
7.08578999992
7.51769999973
7.09443000052
8.38662
7.95816999953
8.17839999963
7.52020000014
8.60622000042
7.95676000044
8.17200999986
7.52019000053
8.60427999962
7.98994999938
8.1763000004
7.53426999971
8.6100700004
7.96184
8.40672999993
8.61979999952
8.40518999938
8.63328000065
7.02238999959
8.00772000011
7.78531999979
8.40503999963
8.63977000024
8.20122000016
7.55653999932
7.99668999948
7.33138999995
8.55500000063
7.9741799999
7.35725999996
8.40698000044
8.16890999954
7.51880000066
7.30793000013
8.3834700007
7.95370000042
7.52020000014
8.60427000001
8.17656000052
7.51939999964
7.96399999969
8.21488999948
7.53807000071
8.62892999966
7.96494000033
8.18663999997
7.56582999974
8.62729000021
7.96778000053
8.20875000022
8.6259300001
7.97601999994
7.32145999931
8.42681000009
7.33593999967
8.40353999939
7.10550000053
8.65184000041
7.97721999977
8.18703999929
7.54196000006
8.6208899999
7.97726000007
7.97830999922
8.42540000007
7.99069999997
7.42035000026
8.41018000059
8.62184000015
7.97482000012
8.19107000064
7.55732999928
8.72826999985
7.97083000001
7.96738999989
7.97587999981
7.31701999996
8.39616
8.63179000001
7.96549000032
7.32131999917
8.39666000009
7.13841000013
7.36520000082
7.5215400001
8.60486999992
7.52163999993
8.60271000024
7.95909000002
8.17240000051
7.51879000012
8.60281000007
7.95341000054
8.60343000013
7.95371000003
8.81929000001
7.30269000027
8.38576999959
8.60338000022
7.95854999963
7.30548999924
8.38597000018
8.60503000021
7.95285999961
7.3038900001
8.38756999932
7.53757000016
8.18739000009
8.19421999995
8.62005000003
8.1886400003
7.54181999993
8.6223000004
8.4143699999
8.62240000023
7.5488499999
8.4328999999
8.20465999981
7.54156000027
8.62933999998
8.62240000023
8.61890000012
7.98441000003
8.18275000015
7.53597000008
8.65029999986
8.18365000002
7.54879999999
7.98037
7.76107000001
8.3968100003
8.18594999984
7.55643999996
8.62520000013
7.98991
8.19378000032
7.54980999976
7.96649000002
8.19013
8.41318999976
8.18110999977
8.61316999979
8.18316000002
8.61122999992
7.96300000045
8.18421000009
7.96984999999
8.17811000021
8.61432000017
8.18354000011
7.96023999993
8.18348999973
7.5265800003
8.60930999974
7.96294
8.18698000023
7.52443000022
8.61590000009
7.9583399999
7.09052000009
8.39180000033
8.6058100001
8.16836999962
8.60258000018
8.60373000009
8.39400999993
7.30989000015
8.38622000022
8.20616000006
8.60303000035
7.95210999995
8.16877000034
7.55799000012
8.60302999988
7.95331999986
8.17142000003
7.31313000014
7.97402999969
8.39341000002
8.39135999978
8.18055000016
7.32151000015
8.40768999979
8.40279999981
8.62624000013
8.40119000012
7.99104000023
7.97092999984
8.6194000002
7.9757699999
8.21429000003
7.54010999994
8.62115000002
8.0103699998
8.18693999993
7.96488000033
7.44741999963
8.17075000051
8.61870000046
8.1681699995
8.6036700001
7.76905000024
8.60267999955
7.95251000021
7.30293999985
8.38652000017
8.6034299992
8.60271999985
7.96095000021
7.96074999962
7.95325999986
7.95345999952
8.16961000022
8.18039999995
7.08893000055
9.57292999979
8.60211999994
7.51879999973
7.11563999951
8.18694000039
8.40359000023
7.10724999942
8.19077999983
8.41067999974
8.6315299999
7.12048000004
7.7642099997
8.64650999941
7.12297999952
8.26147000026
8.41727000009
8.18899000064
8.44357999973
9.06218999997
7.10565000027
8.18887999933
8.42356000002
8.63332000002
7.1023599999
8.20131999999
8.62853000034
8.62388999946
7.10735000018
8.6270399997
7.34068000037
8.63123000041
7.09362000041
8.18633999955
8.39989999961
8.62718999945
7.53062999994
8.61530000065
8.18767999951
7.5696200002
7.96034000069
7.31027999986
7.22571000084
7.95925000031
7.30618999992
8.38671999983
8.60407999996
7.9522599997
8.16921999957
7.95479999948
7.95301000029
7.80264999997
8.62024000008
8.20576000027
7.55268999934
8.63085000031
7.96530999988
7.32646999974
8.39761999995
8.60407999996
7.96174000017
7.30208999943
8.5462199999
8.60193000082
7.95285999961
7.30229999963
8.39271000028
8.60247999988
7.95870000031
7.73994999938
8.39465999976
8.60945999995
7.09606999997
8.18803999946
8.3911100002
8.61805999931
7.52628000081
8.60737000033
8.39066999964
8.60833000019
8.61450999975
8.39087000024
7.91375999991
8.61734999996
7.5231999997
7.95775000006
8.61923999991
7.56062000059
8.62873
7.75074000005
8.40084999986
8.61635999987
7.99448999995
7.96539000003
9.10063000023
7.54271000018
8.1834900002
8.42654999997
8.62663999991
7.11927999975
8.18932999996
8.39828999992
8.61915000016
7.15553000011
8.21539000003
8.40489000035
8.62364000035
7.97702000011
7.77025000006
8.4010999999
7.74924000027
8.18394999998
8.40139999986
7.76526999986
7.63332999963
8.61173
8.61218000017
7.30655999994
7.75741999969
7.96273999987
7.96668000007
8.21608999977
8.40005000029
8.61705
7.10664999997
8.18223999999
8.39869000018
8.38622000022
7.73595000012
7.95923999976
7.09317999985
8.18668999989
8.60266999993
8.60258000018
8.59703999991
7.95311000012
8.38696999988
8.38528000005
8.38592000026
7.34721999988
8.60398000013
8.20970000001
8.38427999988
7.08958999999
7.99814000027
8.41936999978
7.75957000023
9.05220999988
7.10326000024
8.18198999995
8.42740000039
7.75098000001
8.00937999971
8.61730999965
7.95864999993
8.19912
7.32641999982
8.42689999985
8.4479700001
8.30778999999
8.39775
8.17785000009
9.04905999964
8.3854700001
7.95270999987
8.17681000009
8.17055999953
7.75214000046
8.16810999997
8.62989000045
7.95251000021
7.73564999923
8.60216999985
8.19462999981
7.98441000003
8.40757999942
7.98720999993
8.41382999998
8.19830999989
7.54465000052
7.32561000064
8.63836999983
8.41112999991
8.62253999989
7.10599999968
8.63281999994
8.19411999919
7.98495000042
7.97128000017
7.96784999967
8.18289999943
8.39816000033
8.60226999968
7.95924999937
8.17274999991
8.38666999992
7.73756000027
7.95990000013
8.17046000063
7.31192999985
8.38637000043
8.60886999965
7.95581000019
7.30398999993
8.39235999994
7.73620000016
8.3857200006
8.18662999943
8.43235000037
8.62729000021
7.10130999982
8.20880000014
8.40448999964
8.21303999983
7.11614000052
8.19058000017
8.42860000022
8.62533999979
7.76585000008
8.19611999951
8.96325000003
7.33334999997
8.62802999932
8.44146999996
7.1789300004
8.39765000064
8.64241999947
8.44452999998
7.10780000035
8.62215000018
8.40543999989
8.63881999999
7.75735999923
8.19387000054
7.12717000023
8.41832000017
7.97711999994
7.75941000041
8.63772
8.19566000067
8.41242999956
7.11387999915
8.4001000002
8.63527000044
7.96714000031
7.97851999942
7.34147999994
8.40898000076
8.63442000002
7.97606999986
7.32091000024
8.65504000057
7.97223000042
7.75467000064
7.76160000078
8.19336999953
7.98400000017
7.98819999956
7.96893000044
8.18983000051
7.75945999939
7.97577000037
8.41842
7.7565700002
8.40973000042
7.75306999963
8.20665000007
8.40158999991
8.61859000009
8.41622000001
8.62492999993
7.10855
8.19582000002
7.7712899996
8.63346999977
8.40362999961
7.95270999987
7.51889999956
7.95291000046
8.1697700005
7.95390999969
7.73684999999
7.08723000064
9.03604000062
7.09152999986
8.17110999953
7.08642999921
8.16418000031
7.96193999983
8.38567000069
8.60671999957
7.52803000063
8.60936999973
7.96250000037
8.18793999963
7.52453000005
8.61800000072
8.39275999926
8.60735999979
7.52418999933
8.97123999987
8.3939100001
8.61836000066
7.75358000025
7.09916999983
7.98340999987
7.53812000016
8.18368999986
8.63037999999
8.18446000014
7.98251999961
8.18570000026
8.62974999985
7.98612000002
8.62643999979
7.96435000002
7.31473000022
8.40205000015
8.1837000004
8.61905999994
7.97766999993
8.18475000001
7.5483599999
7.31919999979
7.98705000011
7.10389999999
8.17326000007
8.39140999969
8.17354999995
9.90659999987
8.60351999989
8.60346999997
7.97218000004
8.18698000023
8.61710999999
7.97366999974
8.18808999984
7.54141000006
8.62248999998
7.97163000004
7.79081999976
8.41497000027
8.62360000005
7.97227999987
8.18962999992
7.54080999969
7.9765300001
8.19038000004
7.96759000001
8.1796500003
7.56911999965
8.62000000011
7.97118999995
7.54966000002
8.61719999975
7.96953000035
8.62099999981
7.1072999998
8.43469000002
7.97153000021
8.6253800001
9.05155999959
8.40239000041
8.18793000001
8.41137999995
8.6338200001
8.19592000032
7.53631999996
8.62832999974
8.19027999975
8.4101900002
8.63971999986
7.98983999994
8.18714000005
7.55304999975
8.62912999978
7.97197999991
8.18534000032
7.53731000004
8.62649000017
7.97542000003
8.18324000016
7.53631999996
8.63402000023
8.33704999974
7.32200999977
9.32897000015
8.61670999974
8.63806000026
8.61780000012
7.54874999961
8.62050000019
7.96768999984
8.62038999982
8.18579000002
7.95311000012
8.17231000029
7.52029999997
8.61391000077
7.09482999984
8.21004999988
8.40438999981
8.61785000004
7.77869000006
7.08248999994
8.19711999968
7.9787100004
8.28996999934
7.57455999963
8.62818
7.98534999974
8.19152999949
7.5455899993
8.62818
7.98216000013
7.78992000036
8.61481000017
8.18035000004
7.10657000076
8.19738000073
8.61296000052
7.98206999991
7.01209999993
8.62533999979
7.09982000012
8.17953999992
8.39479999989
8.61215000041
8.17868999951
9.04606000055
7.31431999989
7.32909999974
8.39680000022
8.86101000011
8.60417000018
8.17365999985
7.51985000074
8.61136000045
7.94876999967
8.17101999931
7.52878000028
7.43922000006
7.95680000074
8.61360999942
7.96712999977
8.60726999957
7.95410000067
8.18149999995
8.61854000017
7.76499999966
8.39993999992
8.61181000061
7.96493999939
7.31701999996
8.45409999974
7.53481999971
8.6171500003
7.96732999943
7.9792600004
9.05749999918
7.11349000037
8.22537000012
7.11188999936
8.64470000006
7.34630999994
8.62818999961
7.99568999931
8.21473000012
7.5504999999
8.62852999941
7.97910999972
8.19173000008
8.40708000027
7.3180599995
8.66981999949
8.40589000005
8.68913999945
7.97382999957
7.34143000003
8.41827000026
8.20995000005
7.56887000054
8.62494000047
8.64491000026
8.20206000004
7.58383999951
8.63442000002
8.62802999932
8.22168000042
7.52292999998
8.60565999988
7.52214000002
8.60420999955
7.52102999948
8.8515599994
8.38985000085
8.60666000005
7.31201000046
8.41172000021
8.61225999985
7.96652999986
7.32311000023
8.4021399999
8.61421000026
7.97092000023
7.32010999974
8.40564000048
8.62145000044
7.96988999937
8.62354000006
8.63277999964
9.11260999925
8.19253000058
8.41476999968
8.62743999995
8.18908999953
8.40679000039
7.76176000014
8.63852000004
7.11538999993
8.63957000012
7.98542000027
8.18043999979
8.18568000011
7.98713999987
8.1687599998
7.30275000026
8.38915999979
8.42365999985
8.16936999978
8.39226000011
8.60242999997
7.76531000016
8.61679999996
9.05600999994
8.43669999996
7.11953000026
8.18659000006
8.19382000016
8.23112000013
8.1902300003
8.40428999998
8.19058999978
8.43679000018
8.63033999968
7.10765000014
8.18863000022
7.12448000023
7.10437000031
8.63273000019
7.1230299999
8.4647400002
8.63966999995
7.12331999978
8.18703999976
8.41966000013
8.62923000008
7.10550000006
8.18543999968
8.40374999959
8.62638999987
7.10904000001
8.1833899999
8.40293999994
8.63397999993
8.18833999988
8.40260000015
8.40567999985
7.95400999952
8.38672999945
7.95340999961
7.30353999976
8.17501000036
8.16756999958
7.31018000003
7.73675999977
8.38561999984
8.38676999975
8.38428000081
7.96104000043
8.38661000039
8.17471000087
7.95666000061
7.95734999981
8.61415000074
7.09341999982
8.18079999927
8.39285000041
8.62289000023
7.10056000017
7.96932999976
8.65210000053
7.10340000037
8.18938999996
8.41178000066
8.6152499998
7.10151000042
8.18873000052
8.40694000013
8.62394000031
8.4204599997
7.80269999988
7.10714999959
8.20096000005
8.40099999961
8.62100000028
7.13150999974
8.21029999945
8.42466000002
7.97393000033
7.32421000022
8.41072999965
8.63143000007
7.9868599996
7.36219000071
7.9896999998
8.40104999952
8.62743000034
7.34579000063
7.34253000002
8.40572999977
8.63293000031
7.97881999984
7.32230000012
8.41832000017
7.12387999985
8.20544999931
8.40952999983
8.62589000072
8.40923000034
7.97597000003
7.96033999976
8.17679999955
7.95289999992
8.17735000048
7.95480000041
7.52649000008
8.61196000036
7.9534
8.21978999954
7.52704000007
8.60218000039
7.73570000008
7.95480000041
7.95300999936
7.73785000015
8.41258000024
8.65045000054
7.11218999978
8.41072999965
7.97039999999
7.9840599997
8.62538999971
7.11184000038
8.40778000001
8.62858000025
8.43513999972
8.42635999992
8.62314000074
7.21427999996
8.22443000041
8.40110000037
8.62203999981
7.12162999995
8.62803000025
7.1293200003
8.21483999956
8.41686999984
8.62859000079
7.11268999986
8.19173000008
8.65099999961
7.5418599993
7.97571999952
7.95744000003
7.74423999991
8.17925000004
8.40978000034
8.62209999934
7.32151000015
8.40299000032
8.61734999996
7.96254000068
7.31221000012
7.95430000033
8.60240999982
7.09281000029
8.17609999981
8.38590999972
8.60336999968
7.08682000078
8.1696999995
8.3875500001
8.60340999998
8.60616999958
7.95968999993
7.3117700005
8.38666999992
8.6085099997
8.6036700001
7.30269000027
8.39204999991
8.60381999984
7.95400999952
7.08769000042
7.28845999949
8.60657000076
7.95887999982
8.61710999999
7.09068000037
8.6098600002
7.08813000005
8.17720000073
8.3902100008
8.60880999919
7.09162999969
8.18124000076
8.38980999961
7.98037
8.61959999986
8.24604000058
8.41466999985
8.62693999987
7.11153999995
8.40314000007
8.63346999977
7.77623999957
8.64146000054
7.98904999997
8.62399000023
7.34636999946
7.01165999938
8.1925800005
7.54809999932
8.62769000046
8.18893000018
7.54031000007
7.97029000008
8.1852500001
7.56887000008
8.6400700002
7.9687900003
8.18194999965
8.18874000013
7.33944999985
8.41868000012
8.67222000007
8.61016000016
7.31082999986
8.38596999971
7.82790999999
8.65329000028
8.17170999991
7.52534000017
8.60207000002
7.95360999973
8.16996000009
7.51989999972
8.59963000007
8.39600000018
7.97103000013
8.60632999986
7.95217000041
7.3023000001
8.42440999998
8.60308999987
7.95326000033
7.30499000009
8.60337000014
7.5272400002
7.95305999974
8.17819999997
7.96025
7.31521999976
8.39072000002
8.60441999976
7.96065000026
7.30828
8.39839999983
8.52276000008
8.61785000004
7.95929999975
7.30584000004
8.39127000002
8.60614000028
8.60697000008
7.30622999975
8.39020999987
8.60517999995
8.61645000009
7.92001
7.31313000014
8.41850999976
8.41630999977
7.96399000008
8.17986000003
7.52509000013
8.60601999983
7.9574500001
8.60810999991
7.95455999998
8.18604000006
7.32750000013
7.97317999974
8.40853999974
7.91073000012
8.63726999983
8.40364000015
8.61391000031
7.96693999972
7.97441999987
8.63297999976
7.32684999984
8.40328999981
8.62154999981
8.62036000006
7.96964000026
7.9982400001
7.5433100001
8.42870000005
8.65375000006
7.97607000032
7.32456999971
8.44313000003
8.44507999998
8.62278999994
8.43654000014
7.98590999981
8.19247999974
7.56142000016
8.63910999987
7.97328000003
8.19087999966
7.53776000021
9.84349999996
8.6309799999
7.5538900001
8.63268000027
7.98945000023
8.62060000002
7.9736200003
7.36789000034
8.44802000001
7.58149999985
8.64495999971
7.95411000028
7.51915000007
7.96040000021
8.16851999983
7.95366000012
8.16596999951
8.60223000031
7.52123999968
8.60208000056
7.95456000045
8.17674999963
7.51934999973
8.60242999997
7.95236000046
8.16870999988
7.52794000041
7.07206000015
8.62833000068
7.13870000001
9.73766999971
8.6349200001
8.68953000009
8.20135999937
7.55772999953
8.62513000052
8.62418000028
8.19112000056
7.55893000029
7.75437000021
8.41512000002
8.41622000001
8.40469000023
8.65793999936
8.39784999937
8.61375000048
7.10336000007
8.17784999963
8.40324999951
8.68434999976
7.76255999971
8.40269999951
8.40259999968
7.98635000084
7.32739999983
8.4023400005
8.62473999988
7.99274999928
8.41038999986
7.53870999999
8.65174999926
7.97716000024
7.32036000025
8.40847999975
8.62105000019
7.97717000078
7.99148999993
7.32569999993
8.40428000037
8.62588999979
9.73307000007
8.62877999991
7.54465000052
7.75128000043
8.66971000005
8.4060800001
8.68907999992
7.1074000001
8.20786000043
8.40278999973
7.34083999973
7.96458999999
8.22252999991
7.95330000017
8.6087199999
7.51965000015
8.60292000044
7.95390999969
8.17050999962
7.52069000062
8.60238000005
7.95849999972
8.17814999912
7.51939000003
7.95725000091
8.1763000004
7.52878000028
8.64341000002
7.97452000063
8.64999999944
8.84304000065
7.31218000036
8.39640999958
8.63397999946
7.9595900001
7.31596999988
8.39848999958
8.6168100005
8.18179000076
7.31407999992
8.64596000034
8.65354000032
9.33810000028
8.63363000005
7.96998000005
8.19816999976
7.53582999995
8.62075000023
8.00582000008
7.77928999998
8.40974000003
7.9874499999
8.62294000015
8.1671699998
8.19313000003
7.54570999974
7.98824999994
7.54640999995
8.64710999979
8.00726999994
7.36483999994
8.41711999988
7.10800000001
8.19148000004
8.41098000016
7.56073999964
8.61756000016
8.00942000002
8.18074000021
7.96909000026
7.98380999966
8.62434999971
7.53676000005
8.40103999991
8.19478000002
8.84444000013
7.98117000004
7.32281999988
8.42042000033
7.97457000008
8.19762000022
7.55873000016
8.61565000005
7.96623999998
8.63701999979
7.97187000001
8.18833000027
7.55598999979
8.61709999992
8.01221000031
8.62264000019
8.19013
8.62109000003
7.97257999983
7.31872000033
8.39570000023
8.61316000018
7.96727999998
7.96298999991
8.61471000034
8.17090999987
8.16992000025
8.18114999961
7.51995000057
8.60362999979
7.95939000044
8.17815000005
7.52295000013
8.62253999989
7.10245999973
7.32215999998
8.42441000044
8.61739999987
7.31807000004
8.40567999985
8.62617999967
7.97252999991
7.32909999974
7.99045000039
8.2053999994
7.54296000022
8.62588000018
7.54260999989
8.61874999944
7.11658999976
8.41362000071
8.62467999943
7.10878999997
8.18849000055
7.96812999994
8.19222000055
8.62549000047
7.98700000066
8.39675000031
7.98560000025
7.31606999971
7.00640999991
7.97133000009
8.19507000037
7.95341000054
8.60860999953
7.52078999951
8.60312999971
7.30809000041
7.95395
8.17395999935
7.52677999996
8.17489999998
8.60732000042
8.62523999996
8.00841000024
7.35589999985
8.39774999954
8.62494000047
7.97740999982
7.32359999977
8.43059
8.62354000006
7.97267000005
7.76914000046
7.55609000009
8.62957999948
7.99269000068
8.15254000016
8.40787999984
8.63367000036
7.98460000008
7.3340400001
8.40897999983
8.63186999969
7.99612999987
8.62050000019
7.09551999997
8.18637999985
8.40304000024
7.1259300001
8.19033000059
8.41886000056
8.40983000025
8.61964999977
8.20665000007
7.53506999929
8.61854000017
7.54980000015
8.62497999985
7.01604999974
7.02134000044
8.64582000021
8.63578000013
7.31603000034
8.39811000042
8.62000999972
8.62236000039
7.31726999953
8.41313999984
8.63342999946
7.96938999929
8.62329999916
7.9823699994
7.52888000011
7.96273999941
7.96203999966
8.60341999959
7.95380999986
7.52049999963
7.9541600002
7.96039999928
8.38696999941
8.60276999976
8.1695600003
8.60865999945
7.95614999998
8.6134600006
8.39455999993
8.61395000014
7.09791999962
8.18015000038
8.61851000041
8.62014999986
7.32286000066
8.41103000008
8.19372999994
7.54187000031
8.63647000026
7.98181999987
8.19162999978
7.54710000008
8.18114
8.42186999973
8.40044999961
7.9785699998
8.85942000011
8.37693999987
8.4343899996
8.20954000019
7.53272999963
8.62223999994
7.97456999961
8.19552000007
7.53906999994
8.20476000011
7.97491999995
7.35281000007
8.40419000015
8.62050000019
7.98780000024
8.61459999997
8.61555999983
7.98052000022
7.31661999971
7.53682000004
8.62134000007
7.99040000001
8.21199999982
7.53462999966
8.16992000025
7.96234000009
8.17650999967
7.52678999957
8.6107599996
7.95471000019
8.16707000043
7.52099000011
8.6046800008
7.96083999984
8.60301999934
7.95232000016
8.17894999962
8.39376999997
7.09471999947
8.39715999924
7.31418000069
7.96139999945
8.6087199999
8.19477999955
7.54016999993
8.63013000041
8.17724999972
8.18018999975
8.61370000057
7.96468999982
8.61055999994
8.6048100004
7.96437999979
8.17216000054
7.52807999961
8.60403000005
7.52383999992
8.61225999985
8.3856800003
8.39076999947
8.60891999956
7.96069000009
8.6413200004
8.23865000065
7.53826999944
8.61909999978
7.97458000015
8.18892999925
7.53781000059
7.5412100004
8.62853000034
8.21737999935
8.62873
7.98469999991
8.63676999975
7.97976000048
8.62523999996
8.21657999977
8.62234000023
8.39999999944
8.63532000035
7.10046000034
8.40507999994
8.62468999997
7.54928999953
8.62079999968
8.41421999969
8.22178000025
7.53742000088
8.61658000015
8.60323000047
8.6042200001
8.16822000034
7.52015000023
8.60251999926
8.60287000053
8.1757100001
8.60238000005
7.9525000006
8.16920999996
8.1687599998
7.52224000078
8.60556999967
7.95371000003
7.32620999962
8.38647000026
8.60432999954
7.95325999986
7.3021999998
8.39476000052
8.60391999967
7.56802999973
8.60656999983
8.6087199999
7.08964000084
8.6135599995
7.00865999982
7.09097999986
8.17616000026
8.39524999913
8.64341000002
7.10794999916
7.95965000056
8.18807999976
7.54276999971
7.97397999978
8.21794000035
7.53976000007
8.43868999975
8.66162999999
7.97581999982
8.40609999979
7.1124499999
8.41023000004
8.63407000015
7.97906999988
7.32230999973
8.40699000005
8.61725000013
8.40260000015
7.09317999985
7.30200000014
8.60986999981
8.38467000006
7.95585999964
9.04752000002
7.10251000011
7.11727999989
7.97372000013
7.9746299996
7.33110000007
8.42521000002
8.61565000005
7.96643000003
7.97347000008
8.18973000022
7.64145
8.64779999992
7.96398
7.96498999977
8.39914999995
8.62184000015
7.31137999985
7.3206600002
7.96489000041
7.44750999985
7.3273
7.96778999968
7.52838999964
8.39675999992
8.62829999998
8.1799999997
7.31871999986
8.23546999972
7.31483000005
8.39804999996
7.76056999993
8.17151999986
7.52878999989
8.61531000026
8.01066999976
8.18469000002
7.08543999959
8.16996000055
8.38557999954
8.17030999996
8.39406999946
8.60332999937
8.69602999929
8.1887799995
7.55788999982
8.6174999997
8.18458999973
7.53816999961
8.62604000047
7.97248
8.19567000028
8.62459000014
8.45889999997
7.01070000045
8.65254000016
7.32156000007
8.42061000038
8.61575999949
7.32536000013
8.40165000036
8.62414999958
8.61212000065
7.32515999954
8.63073999994
8.65504999924
8.18500000052
7.31407999992
8.58839999977
8.60417999979
7.96353999991
8.17724999972
7.51979000028
8.61107000057
7.95350999944
8.16946000047
8.6433600001
7.30343999993
8.39130999986
8.20125999954
7.97787000053
8.41523000039
7.9801199995
8.40764000081
8.62593999971
8.19986000005
8.62803000025
8.44132999983
8.04625999928
7.53916999977
8.62193999998
7.99943000078
7.3401899999
8.41052999999
8.62304999959
8.65153999999
7.33135000058
8.22097999975
8.62189000007
8.41397000011
9.75383999944
8.62963000033
8.67399999965
9.74825000018
8.70451999921
7.10919999983
8.19912
8.40599000081
8.65073999949
7.10770000052
8.19452000037
8.43539000023
8.63401999976
8.46893000044
7.33339000028
8.41177000012
8.6289800005
7.98524999991
7.34002
8.40802999958
8.6202999996
8.05109999981
8.19342999998
7.98410999961
8.62038999982
7.98390999995
7.31781999953
8.18879000004
8.62248999998
7.97836999968
8.60900999978
7.9676800007
8.16951000039
8.62378999963
7.31467000023
8.42186000012
8.40069000004
9.73568000039
8.61910999985
7.96894000005
7.31811999995
8.41492999997
8.85332999984
8.69687999971
8.17811000021
8.61436000001
7.95864999993
8.17695000023
7.52014999976
8.60287000006
7.95195999974
8.63622000022
8.63034000015
8.6058100001
7.52948000003
8.60557000013
7.95196000021
8.18118999992
7.52124999976
8.18445000006
7.95934000006
8.17240999965
7.5247899997
8.60612000013
8.60687999986
8.17281999998
7.5237499997
8.60511999996
8.61660999991
8.17411000002
7.31112999981
8.61110999994
7.96344000008
8.63611999992
7.53373000026
8.62479000026
7.96613999968
8.18544999976
7.60201000003
8.63537999988
7.97263000021
8.66902999999
8.18784000026
7.54116000002
7.53622000013
8.62618999975
8.62613999983
7.98032000009
8.19252000004
7.53532000026
8.62449000031
7.9847599999
7.33134000003
7.11969000008
7.41067000013
8.39735999983
8.61351000005
7.58569000009
7.95241000038
9.72868999932
7.96289000008
8.61459999997
7.30438999925
9.46989999991
8.85776999965
9.74096000008
7.95301000029
7.30578999966
8.60487999953
7.95335999969
7.30263999943
8.38662
8.62134999968
7.95270999987
7.97133000009
7.5709700007
7.08698000014
8.1695600003
9.71610999946
9.71305999998
7.96259999927
8.61082000006
8.18494000006
8.39105999935
8.1833899999
8.18065000046
8.17870000005
8.61256000027
8.61055999994
7.96148999967
8.64625999983
9.73711999971
8.70155999996
8.41955999937
8.63336999994
8.41251999978
8.84593999945
8.4060399998
7.98690999951
8.40428999998
7.97092999984
7.32150999922
8.61860999931
8.62174999993
8.38536999933
7.95217000041
7.30230000056
8.60238000005
7.30244999938
8.38312999997
7.51965000015
8.60247999988
7.9671899993
8.17716000043
7.51974999998
8.60862000007
8.38612999953
7.5384100005
8.63367999997
7.97831999976
8.18759000022
8.62982999999
7.97487000003
7.33284999989
7.99014999997
7.3278099997
8.42544999998
8.65948999953
8.62210000027
8.70310000051
8.63127999939
7.99799000006
9.8806400001
8.62838000059
7.97083000001
8.62383999955
8.42301000003
7.09876000043
8.17743999977
7.96952999942
8.63506999984
7.10665000044
8.22876000032
8.40798999928
8.62532999925
7.10999000072
8.1858400004
8.40584000014
8.61841000058
7.98006999958
7.32545999996
8.20985999983
7.53468000051
8.61196999997
8.62748999987
8.19048999995
8.63074999955
7.09867999982
8.19265000056
8.3976800004
8.6513799997
8.6601900002
8.84254999971
7.31692000013
8.42654999997
8.62654000008
7.9858599999
7.32275999989
8.39839999983
8.61910000024
8.02209999971
7.34896000009
8.40128999995
7.9896999998
7.30060000019
8.41722000018
8.00057999976
8.18797999993
8.40893999999
7.10735000018
8.21828000015
8.40623999992
8.43879000004
8.19368000003
8.40809000004
8.63632000005
7.11540000001
8.19158000033
8.41363000032
7.32285000011
8.4016499999
8.62138999999
8.62494000001
7.32261000015
8.40014000004
8.62193999998
7.9907399998
7.33894000016
8.17002000008
8.38636999996
7.08663999988
8.3911100002
8.62887999974
7.95945000043
8.18394999998
8.65834000008
8.60886000004
7.08893000009
7.53477999987
8.42745000031
8.6174999997
7.14309999999
8.40734000038
8.62553999992
8.19861999992
7.10411000019
8.40079999994
8.18000000017
8.18129999982
8.39801000012
8.62710000016
8.16945999954
8.3861599993
8.60521999933
7.09367999993
8.1695600003
7.95275999978
7.30343999993
8.39434999973
8.61650000047
8.19448000006
8.4017900005
8.63612999953
8.39454999939
7.3783199992
7.3591
7.53752000071
8.20985000022
8.43094000034
7.10529999994
8.19013
8.62299000006
7.11889000051
8.19413000066
8.62329000048
8.05500000063
7.12717000023
7.10775000043
8.18898000009
8.41318000015
8.62045000028
7.97368000075
8.63192000054
8.39720000047
8.61525999941
8.18783000018
8.43613999989
8.60412999988
7.09702000022
8.1771999998
8.38631999958
8.61101000011
7.08707999997
8.16947000008
7.08913999982
8.17115999945
8.60297999997
8.60451999959
7.08614000026
8.16846000031
8.60222999938
8.60877000075
8.39152000006
8.60381999984
7.08884000033
8.16861999966
8.38647000026
8.45445999969
7.12272000033
7.98840000015
7.32530000061
8.40737999976
8.62723000068
7.5423100004
8.40803999919
8.61315000057
7.29425000027
8.63717
7.95493999962
8.60271999985
7.9590400001
7.30593000073
8.38520999998
8.60296999943
7.95344999991
9.03669000044
7.08589000069
8.38701999933
7.09162999969
8.17081000004
8.60058000032
7.95879999921
7.95679999981
7.09218000062
8.18219000008
8.39276000019
8.60606999975
7.74973000027
7.97352
7.54662000015
8.18096000003
8.61307000043
8.18316000002
8.61127999984
7.09638
8.1841099998
7.10337000014
7.96264000004
8.59648999991
7.73724000016
7.96244999999
8.16926999995
7.52275
7.96403999999
7.31333000027
8.39161999989
8.60596999992
7.9574500001
7.53238000022
8.61131000007
8.60696
8.38517000014
7.99340000004
8.42951000016
8.62852999987
7.98090999993
7.33095000032
8.4319000002
8.64081000024
7.57681
8.62863999978
7.54859999986
8.62364000035
7.10574999964
8.18968999991
8.40723000001
7.11005999986
8.62374000018
7.35081000021
8.40713000018
8.61979999999
7.99973000027
7.98909999989
7.02588000009
7.54545000009
8.61924999999
7.96937999967
8.18948000018
7.54081000015
8.62604
7.98031000001
7.58284999989
7.37333000032
8.41217999998
8.61260999972
7.96608999977
7.09177999943
8.17840000056
8.38671999983
8.60626999941
7.09042999987
8.17200999986
8.38683000021
8.60433000047
7.97632000037
8.20276000071
8.64421000052
7.97248
7.97656999994
7.32117000036
8.4073900003
8.4054499995
8.62448999938
8.41258000024
7.33454000019
8.42401000019
8.62488999963
7.98155999929
8.1824900005
8.40140000079
7.9556499999
7.30463000014
7.73739999998
8.3903099997
8.61232000031
7.3019899996
8.17145999987
8.38787000068
8.38662
8.60493000038
7.99279000051
8.62977999914
8.19226999953
7.09796999954
7.52118999977
8.60211999994
7.95885000005
8.16887000017
7.51905000024
8.18309000041
7.95480000041
8.18059999961
7.52199999988
7.95550000016
8.17517999932
7.53213000018
8.60936999973
7.0913300002
8.19946999941
8.39421000052
8.6087199999
7.9545099996
7.30967999995
8.39300999977
7.96659000032
8.61012000032
7.95466000028
7.3106300002
8.39020999987
8.60876000021
7.95809000079
7.31481999997
8.38980999961
8.64419999998
7.52349000052
7.95845000073
7.31566999946
8.39276000019
8.60603000037
7.75203000009
8.64845000021
7.53921999969
8.48192000017
7.63452999992
7.60951999994
9.49262999976
9.22754999995
7.53103000019
8.62759999977
7.53905999986
8.17554999981
7.10091000004
8.39948999975
8.60427000001
8.17026000004
8.17215
7.95392000023
7.52613999974
8.61825000029
7.10399999982
8.18962999992
8.61800000025
7.98161000013
7.54804999987
8.61640999978
7.96838999959
8.19122000039
8.23361
7.3216599999
8.40024999995
8.74638999999
7.97002999997
7.32635999983
8.41243000003
8.62164000003
7.96295000007
7.32047000015
8.40763999987
8.46480000019
8.19058000017
7.98150999984
8.20261000004
7.54700000025
8.6723600002
7.97471999982
8.1932699997
7.54356000014
8.64396000002
7.98256000038
7.98870000057
7.32490000036
8.4612499997
8.63138000015
7.97386999987
7.32236000057
8.34923999943
8.62757999916
7.96693000011
7.32031000033
8.41667000018
8.61107000057
7.96822999977
7.35127000045
8.40094000008
8.62534000073
7.96883999929
8.1974200001
8.62129000016
8.60416999925
7.30714000016
8.38607000001
8.61141000036
7.94876999967
7.30437999964
8.39525999967
7.08839000016
7.08652999997
7.97152000014
7.31237000041
8.40388999972
8.62968000025
7.58394000027
7.7859199997
7.54065999947
8.6250400003
7.9821599992
7.32501000073
8.41301999986
7.97936000023
7.32380000036
7.96898000035
8.18982999958
8.62608999945
7.97577999998
7.55183999985
8.62308000028
7.96455000062
7.78952000011
8.39529999997
7.96289000008
7.09556999989
7.53012999985
8.66021999996
7.52572999988
8.60991000012
7.95246000029
7.30280000065
8.38552999962
8.60183000006
7.96039999928
7.30188999977
8.61096000019
7.95440999977
8.17140999995
7.51994999964
8.60407999996
7.95930000022
8.17600999959
8.20571000036
7.51944999956
8.16906999983
8.38577000052
8.60343000013
7.0920199994
8.17187000066
8.38602000009
8.60492000077
7.08638999984
8.17035999987
